list(satellite_num = c(8, 0, 9, 0, 4, 0, 0, 0, 0, 0, 0, 0, 11, 
0, 14, 8, 1, 1, 0, 5, 4, 3, 1, 2, 3, 0, 3, 5, 0, 0, 4, 0, 0, 
8, 5, 0, 0, 6, 0, 6, 3, 5, 6, 5, 9, 4, 6, 4, 3, 3, 5, 5, 6, 4, 
5, 15, 3, 3, 0, 0, 0, 5, 3, 5, 1, 8, 10, 0, 0, 3, 7, 1, 0, 6, 
0, 0, 3, 4, 0, 5, 0, 0, 0, 4, 0, 3, 0, 0, 0, 0, 5, 0, 0, 0, 0, 
1, 0, 1, 1, 1, 1, 1, 1, 4, 1, 1, 1, 1, 2, 4, 3, 6, 0, 2, 2, 0, 
12, 0, 5, 6, 6, 2, 0, 2, 3, 0, 3, 4, 2, 6, 6, 0, 4, 10, 7, 0, 
5, 5, 6, 6, 7, 3, 3, 0, 0, 8, 4, 4, 10, 9, 4, 0, 0, 0, 0, 4, 
0, 2, 0, 4, 4, 3, 8, 0, 7, 0, 0, 2, 3, 4, 0, 0, 0), weight = c(3.05, 
1.55, 2.3, 2.1, 2.6, 2.1, 2.35, 1.9, 1.95, 2.15, 2.15, 2.65, 
3.05, 1.85, 2.3, 2.95, 2, 3, 2.2, 2.7, 1.95, 2.3, 1.6, 2.6, 2, 
1.3, 3.15, 2.7, 2.6, 2.1, 3.2, 2.6, 2, 2, 2.7, 1.85, 2.65, 3.15, 
1.9, 2.8, 3.1, 2.8, 2.5, 3.3, 3.25, 2.8, 2.6, 2.1, 3, 3.6, 2.1, 
2.9, 2.7, 1.6, 2, 3, 2.7, 2.3, 2.75, 2.25, 2.55, 2.05, 2.45, 
2.15, 2.8, 3.05, 3.2, 2.4, 1.3, 2.4, 2.8, 1.65, 1.8, 2.25, 1.9, 
1.6, 2.2, 2.25, 1.2, 2.1, 2.25, 2.9, 1.65, 2.55, 2.3, 2.25, 3.05, 
2.75, 1.9, 1.7, 3.85, 2.55, 2.45, 3.2, 1.55, 2.8, 2.25, 1.967, 
2.2, 3, 2.867, 1.6, 2.55, 2.55, 2, 2.9, 2.4, 3.1, 1.9, 2.3, 3.25, 
2.5, 2.1, 2.1, 3.325, 1.8, 3.225, 1.4, 2.4, 2.5, 1.8, 3.275, 
2.225, 1.65, 2.9, 2.3, 3.2, 1.475, 2.025, 2.3, 1.95, 1.8, 2.9, 
2.25, 3.05, 2.2, 3.1, 2.4, 2.25, 2.625, 5.2, 3.325, 2.925, 2, 
2.4, 2.1, 3.725, 3.025, 1.9, 3, 2.85, 2.3, 2, 1.6, 1.9, 1.95, 
3.2, 1.85, 1.8, 3.5, 2.35, 2.275, 3.05, 2.15, 2.75, 2.2, 1.8, 
2.175, 2.75, 3.275, 2.625, 2.625, 2), N = 173)
