list(county = c(1, 1, 1, 1, 1, 1, 1, 1, 1, 1, 1, 1, 1, 1, 2, 
2, 2, 2, 2, 2, 2, 2, 2, 2, 2, 2, 2, 2, 3, 3, 3, 3, 3, 3, 3, 3, 
3, 3, 3, 3, 3), radon = c(5, 13, 7.2, 6.8, 12.8, 5.8, 9.5, 6, 
3.8, 14.3, 1.8, 6.9, 4.7, 9.5, 0.9, 12.9, 2.6, 3.5, 26.6, 1.5, 
13, 8.8, 19.5, 2.5, 9, 13.1, 3.6, 6.9, 14.3, 6.9, 7.6, 9.8, 2.6, 
43.5, 4.9, 3.5, 4.8, 5.6, 3.5, 3.9, 6.7), first_floor = c(0, 
0, 0, 0, 0, 1, 0, 0, 0, 1, 0, 0, 0, 0, 1, 0, 0, 1, 0, 0, 0, 0, 
0, 1, 0, 0, 0, 1, 0, 1, 0, 1, 0, 0, 0, 0, 0, 0, 0, 0, 0), N = 41)
